0011101000101110
0100111100110110
0110111000111110
0110111000111110
0110111000111110
0110111000111110
0110111000111110
0110111000111110
0011101000101110
0100111100110110
0101101000101110
1100111000111100
0110111000111110
0110111000111110
0110111000111110
0110111000111110
0011101000101110
0100111100110110
0101101000101110
0100111000111010
1010111000111100
0110111000111110
0110111000111110
0110111000111110
0011101000101110
0100111100110110
0110111000111110
0110111000111110
0110111000111110
0110111000111110
0110111000111110
0110111000111110
0011101000101110
0100111100110110
0110111000111110
0110111000111110
0110111000111110
0110111000111110
0110111000111110
0110111000111110
0011101000101110
0100111100110110
0110111000111110
0110111000111110
0110111000111110
0110111000111110
0110111000111110
0110111000111110
0011101000101110
0100111100110110
0110111000111110
0110111000111110
0110111000111110
0110111000111110
0110111000111110
0110111000111110
0011101000101110
0100111100110110
0110111000111110
0110111000111110
0110111000111110
0110111000111110
0110111000111110
0110111000111110
0011101000101110
0100111100110110
0110111000111110
0110111000111110
0110111000111110
0110111000111110
0110111000111110
0110111000111110
0011101000101110
0100111100110110
0110111000111110
0110111000111110
0110111000111110
0110111000111110
0110111000111110
0110111000111110
0011101000101110
0100111100110110
0110111000111110
0110111000111110
0110111000111110
0110111000111110
0110111000111110
0110111000111110
0011101000101110
0100111100110110
0110111000111110
0110111000111110
0110111000111110
0110111000111110
0110111000111110
0110111000111110
0011101000101110
0100111100110110
0110111000111110
0110111000111110
0110111000111110
0110111000111110
0110111000111110
0110111000111110
0011101000101110
0100111100110110
0110111000111110
0110111000111110
0110111000111110
0110111000111110
0110111000111110
0110111000111110
0011101000101110
0100111100110110
1000111000011110
0110111000111110
0110111000111110
0110111000111110
0110111000111110
0110111000111110
0011101000101110
0100111100110110
1001111000011110
0110111000111110
0110111000111110
0110111000111110
0110111000111110
0110111000111110
